17

4
5
2 1 0 
3 4 0 1 2 3 
10 3 0 1 2 
10 1 0 
8 4 0 1 2 3 


5
5
3 3 0 1 3 
4 4 0 1 2 3 
8 2 1 4 
10 4 1 2 3 4 
8 3 2 3 4 


6
5
8 4 0 1 2 5 
6 3 0 1 3 
5 6 0 1 2 3 4 5 
3 4 0 2 4 5 
4 4 0 1 3 4 


7
5
3 6 0 1 2 4 5 6 
6 5 0 2 3 4 5 
1 4 1 3 4 6 
10 5 0 1 2 4 6 
9 5 0 2 3 4 5 


8
5
4 5 0 2 5 6 7 
6 5 0 3 4 6 7 
2 4 0 1 4 7 
3 4 1 2 6 7 
5 5 0 3 4 6 7 


9
5
5 6 1 2 3 4 5 6 
2 5 0 5 6 7 8 
7 6 1 2 5 6 7 8 
4 4 3 5 6 7 
7 3 0 3 8 


10
5
1 8 0 1 2 4 5 6 7 8 
5 9 0 1 2 4 5 6 7 8 9 
5 5 0 2 3 4 9 
6 7 1 2 3 4 5 7 8 
6 2 1 6 


11
5
9 8 2 3 4 5 6 7 8 9 
3 11 0 1 2 3 4 5 6 7 8 9 10 
10 6 0 1 2 3 6 8 
7 6 0 2 3 6 8 10 
8 6 0 4 5 7 8 9 


12
5
1 10 0 1 2 3 4 6 7 9 10 11 
2 5 3 4 5 10 11 
3 8 2 4 5 6 7 8 9 10 
9 7 0 2 3 6 8 10 11 
9 7 0 1 3 5 6 7 9 


13
5
4 8 1 2 3 7 8 9 11 12 
9 9 0 2 3 6 7 8 9 10 11 
10 8 0 2 4 5 7 9 11 12 
3 10 0 1 4 5 6 7 8 10 11 12 
3 8 1 2 4 5 7 8 10 11 


14
5
2 9 0 1 2 4 5 7 9 12 13 
5 8 0 2 3 4 5 6 8 10 
3 6 5 6 7 8 9 12 
5 7 2 3 5 7 8 9 12 
3 11 0 1 3 4 6 7 8 9 10 11 12 


15
5
10 13 0 1 2 3 5 7 8 9 10 11 12 13 14 
7 9 1 2 4 5 6 8 10 11 14 
2 7 0 1 2 3 4 7 9 
7 10 1 2 3 5 7 8 9 10 11 14 
2 5 1 2 3 5 14 


16
5
1 8 0 1 2 5 8 13 14 15 
10 10 0 1 2 3 5 6 9 10 12 15 
1 11 1 2 4 5 6 7 8 9 11 13 15 
8 10 1 2 4 5 7 8 9 12 14 15 
10 10 0 1 2 3 4 6 8 9 13 14 


17
5
5 12 0 3 4 5 6 7 8 9 11 12 14 16 
10 11 1 3 6 7 8 9 10 12 13 15 16 
6 8 0 4 6 7 10 13 14 15 
2 10 1 2 3 4 5 6 8 10 13 16 
10 14 0 1 2 4 5 7 8 9 10 11 12 14 15 16 


18
5
5 9 1 4 6 7 8 10 11 14 16 
9 10 1 2 3 8 9 10 12 13 14 17 
1 12 1 2 6 7 8 9 11 12 13 15 16 17 
4 13 0 1 2 4 5 6 7 8 11 13 14 15 16 
10 11 0 2 3 5 6 7 8 10 12 13 17 


19
5
3 9 1 4 6 8 10 11 13 16 18 
10 11 0 2 3 7 8 9 10 11 12 14 18 
3 13 0 3 4 6 7 9 10 11 14 15 16 17 18 
10 9 1 2 5 6 8 10 11 13 17 
2 12 3 4 5 6 9 10 11 12 13 15 16 17 


20
5
2 16 1 2 3 4 7 8 9 10 11 12 14 15 16 17 18 19 
2 11 2 3 4 6 7 9 11 12 13 17 18 
9 12 0 1 3 6 7 8 9 11 12 14 16 19 
7 14 1 2 3 6 7 8 9 10 11 12 13 14 17 18 
10 14 0 1 2 5 6 8 9 10 11 13 14 15 18 19 


